1000
0 0 -1
0.008 0 -1.04406
0.016 0 -1.0877
0.024 0 -1.13092
0.032 0 -1.17373
0.04 0 -1.21613
0.048 0 -1.25812
0.056 0 -1.29969
0.064 0 -1.34086
0.072 0 -1.38161
0.08 0 -1.42196
0.088 0 -1.46191
0.096 0 -1.50145
0.104 0 -1.54058
0.112 0 -1.57932
0.12 0 -1.61765
0.128 0 -1.65558
0.136 0 -1.69312
0.144 0 -1.73026
0.152 0 -1.767
0.16 0 -1.80335
0.168 0 -1.8393
0.176 0 -1.87486
0.184 0 -1.91003
0.192 0 -1.94481
0.2 0 -1.9792
0.208 0 -2.0132
0.216 0 -2.04682
0.224 0 -2.08005
0.232 0 -2.1129
0.24 0 -2.14537
0.248 0 -2.17745
0.256 0 -2.20916
0.264 0 -2.24049
0.272 0 -2.27144
0.28 0 -2.30201
0.288 0 -2.3322
0.296 0 -2.36203
0.304 0 -2.39148
0.312 0 -2.42056
0.32 0 -2.44927
0.328 0 -2.47761
0.336 0 -2.50558
0.344 0 -2.53319
0.352 0 -2.56043
0.36 0 -2.5873
0.368 0 -2.61382
0.376 0 -2.63997
0.384 0 -2.66576
0.392 0 -2.69119
0.4 0 -2.71627
0.408 0 -2.74098
0.416 0 -2.76535
0.424 0 -2.78936
0.432 0 -2.81301
0.44 0 -2.83631
0.448 0 -2.85927
0.456 0 -2.88187
0.464 0 -2.90413
0.472 0 -2.92603
0.48 0 -2.9476
0.488 0 -2.96882
0.496 0 -2.98969
0.504 0 -3.01022
0.512 0 -3.03042
0.52 0 -3.05027
0.528 0 -3.06978
0.536 0 -3.08896
0.544 0 -3.1078
0.552 0 -3.12631
0.56 0 -3.14449
0.568 0 -3.16233
0.576 0 -3.17984
0.584 0 -3.19702
0.592 0 -3.21387
0.6 0 -3.2304
0.608 0 -3.2466
0.616 0 -3.26248
0.624 0 -3.27803
0.632 0 -3.29326
0.64 0 -3.30816
0.648 0 -3.32275
0.656 0 -3.33702
0.664 0 -3.35098
0.672 0 -3.36461
0.68 0 -3.37793
0.688 0 -3.39094
0.696 0 -3.40364
0.704 0 -3.41602
0.712 0 -3.42809
0.72 0 -3.43986
0.728 0 -3.45132
0.736 0 -3.46247
0.744 0 -3.47331
0.752 0 -3.48386
0.76 0 -3.4941
0.768 0 -3.50404
0.776 0 -3.51367
0.784 0 -3.52301
0.792 0 -3.53205
0.8 0 -3.5408
0.808 0 -3.54925
0.816 0 -3.55741
0.824 0 -3.56527
0.832 0 -3.57284
0.84 0 -3.58012
0.848 0 -3.58711
0.856 0 -3.59382
0.864 0 -3.60024
0.872 0 -3.60637
0.88 0 -3.61222
0.888 0 -3.61778
0.896 0 -3.62306
0.904 0 -3.62807
0.912 0 -3.63279
0.92 0 -3.63723
0.928 0 -3.6414
0.936 0 -3.6453
0.944 0 -3.64892
0.952 0 -3.65226
0.96 0 -3.65533
0.968 0 -3.65814
0.976 0 -3.66067
0.984 0 -3.66294
0.992 0 -3.66493
1 0 -3.66667
1.008 0 -3.66813
1.016 0 -3.66934
1.024 0 -3.67028
1.032 0 -3.67096
1.04 0 -3.67139
1.048 0 -3.67155
1.056 0 -3.67146
1.064 0 -3.67111
1.072 0 -3.6705
1.08 0 -3.66964
1.088 0 -3.66853
1.096 0 -3.66717
1.104 0 -3.66556
1.112 0 -3.6637
1.12 0 -3.6616
1.128 0 -3.65925
1.136 0 -3.65665
1.144 0 -3.65381
1.152 0 -3.65072
1.16 0 -3.6474
1.168 0 -3.64383
1.176 0 -3.64003
1.184 0 -3.63599
1.192 0 -3.63171
1.2 0 -3.6272
1.208 0 -3.62245
1.216 0 -3.61748
1.224 0 -3.61227
1.232 0 -3.60683
1.24 0 -3.60116
1.248 0 -3.59526
1.256 0 -3.58914
1.264 0 -3.58279
1.272 0 -3.57622
1.28 0 -3.56942
1.288 0 -3.5624
1.296 0 -3.55517
1.304 0 -3.54771
1.312 0 -3.54004
1.32 0 -3.53215
1.328 0 -3.52404
1.336 0 -3.51572
1.344 0 -3.50719
1.352 0 -3.49844
1.36 0 -3.48949
1.368 0 -3.48032
1.376 0 -3.47095
1.384 0 -3.46137
1.392 0 -3.45159
1.4 0 -3.4416
1.408 0 -3.43141
1.416 0 -3.42101
1.424 0 -3.41042
1.432 0 -3.39963
1.44 0 -3.38863
1.448 0 -3.37744
1.456 0 -3.36606
1.464 0 -3.35448
1.472 0 -3.34271
1.48 0 -3.33074
1.488 0 -3.31859
1.496 0 -3.30624
1.504 0 -3.29371
1.512 0 -3.28099
1.52 0 -3.26808
1.528 0 -3.25499
1.536 0 -3.24172
1.544 0 -3.22826
1.552 0 -3.21462
1.56 0 -3.20081
1.568 0 -3.18681
1.576 0 -3.17264
1.584 0 -3.15829
1.592 0 -3.14376
1.6 0 -3.12907
1.608 0 -3.1142
1.616 0 -3.09916
1.624 0 -3.08394
1.632 0 -3.06856
1.64 0 -3.05302
1.648 0 -3.0373
1.656 0 -3.02143
1.664 0 -3.00538
1.672 0 -2.98918
1.68 0 -2.97281
1.688 0 -2.95629
1.696 0 -2.9396
1.704 0 -2.92276
1.712 0 -2.90576
1.72 0 -2.88861
1.728 0 -2.8713
1.736 0 -2.85384
1.744 0 -2.83622
1.752 0 -2.81846
1.76 0 -2.80055
1.768 0 -2.78249
1.776 0 -2.76428
1.784 0 -2.74593
1.792 0 -2.72744
1.8 0 -2.7088
1.808 0 -2.69002
1.816 0 -2.6711
1.824 0 -2.65204
1.832 0 -2.63284
1.84 0 -2.61351
1.848 0 -2.59404
1.856 0 -2.57443
1.864 0 -2.5547
1.872 0 -2.53483
1.88 0 -2.51483
1.888 0 -2.4947
1.896 0 -2.47444
1.904 0 -2.45406
1.912 0 -2.43355
1.92 0 -2.41292
1.928 0 -2.39216
1.936 0 -2.37128
1.944 0 -2.35028
1.952 0 -2.32916
1.96 0 -2.30792
1.968 0 -2.28657
1.976 0 -2.2651
1.984 0 -2.24351
1.992 0 -2.22181
2 0 -2.2
2.008 0 -2.17808
2.016 0 -2.15605
2.024 0 -2.13391
2.032 0 -2.11166
2.04 0 -2.08931
2.048 0 -2.06685
2.056 0 -2.04429
2.064 0 -2.02162
2.072 0 -1.99886
2.08 0 -1.97599
2.088 0 -1.95303
2.096 0 -1.92997
2.104 0 -1.90681
2.112 0 -1.88356
2.12 0 -1.86021
2.128 0 -1.83677
2.136 0 -1.81324
2.144 0 -1.78962
2.152 0 -1.76591
2.16 0 -1.74212
2.168 0 -1.71824
2.176 0 -1.69427
2.184 0 -1.67022
2.192 0 -1.64608
2.2 0 -1.62187
2.208 0 -1.59757
2.216 0 -1.5732
2.224 0 -1.54874
2.232 0 -1.52421
2.24 0 -1.49961
2.248 0 -1.47493
2.256 0 -1.45018
2.264 0 -1.42536
2.272 0 -1.40046
2.28 0 -1.3755
2.288 0 -1.35047
2.296 0 -1.32537
2.304 0 -1.30021
2.312 0 -1.27498
2.32 0 -1.24969
2.328 0 -1.22434
2.336 0 -1.19893
2.344 0 -1.17346
2.352 0 -1.14793
2.36 0 -1.12234
2.368 0 -1.0967
2.376 0 -1.071
2.384 0 -1.04525
2.392 0 -1.01945
2.4 0 -0.993601
2.408 0 -0.967698
2.416 0 -0.941749
2.424 0 -0.915751
2.432 0 -0.889708
2.44 0 -0.863621
2.448 0 -0.83749
2.456 0 -0.811317
2.464 0 -0.785102
2.472 0 -0.758849
2.48 0 -0.732558
2.488 0 -0.706227
2.496 0 -0.679863
2.504 0 -0.653463
2.512 0 -0.62703
2.52 0 -0.600564
2.528 0 -0.574067
2.536 0 -0.54754
2.544 0 -0.520985
2.552 0 -0.494403
2.56 0 -0.467793
2.568 0 -0.44116
2.576 0 -0.414502
2.584 0 -0.387823
2.592 0 -0.361122
2.6 0 -0.334401
2.608 0 -0.307661
2.616 0 -0.280903
2.624 0 -0.25413
2.632 0 -0.227341
2.64 0 -0.200538
2.648 0 -0.173722
2.656 0 -0.146897
2.664 0 -0.12006
2.672 0 -0.0932139
2.68 0 -0.0663604
2.688 0 -0.0395002
2.696 0 -0.012635
2.704 0 0.0142345
2.712 0 0.0411066
2.72 0 0.0679793
2.728 0 0.0948544
2.736 0 0.121727
2.744 0 0.148599
2.752 0 0.175465
2.76 0 0.202329
2.768 0 0.229186
2.776 0 0.256036
2.784 0 0.282878
2.792 0 0.309711
2.8 0 0.336533
2.808 0 0.363343
2.816 0 0.390139
2.824 0 0.416921
2.832 0 0.443687
2.84 0 0.470437
2.848 0 0.497169
2.856 0 0.523881
2.864 0 0.550573
2.872 0 0.577243
2.88 0 0.60389
2.888 0 0.630513
2.896 0 0.657111
2.904 0 0.683681
2.912 0 0.710224
2.92 0 0.736738
2.928 0 0.763221
2.936 0 0.789672
2.944 0 0.816091
2.952 0 0.842474
2.96 0 0.868824
2.968 0 0.895137
2.976 0 0.921412
2.984 0 0.947648
2.992 0 0.973844
3 0 0.999998
3.008 0 1.02611
3.016 0 1.05218
3.024 0 1.0782
3.032 0 1.10418
3.04 0 1.13011
3.048 0 1.15599
3.056 0 1.18182
3.064 0 1.2076
3.072 0 1.23332
3.08 0 1.25899
3.088 0 1.28461
3.096 0 1.31017
3.104 0 1.33568
3.112 0 1.36112
3.12 0 1.38651
3.128 0 1.41183
3.136 0 1.43709
3.144 0 1.46229
3.152 0 1.48743
3.16 0 1.51249
3.168 0 1.53749
3.176 0 1.56243
3.184 0 1.58729
3.192 0 1.61208
3.2 0 1.6368
3.208 0 1.66144
3.216 0 1.68602
3.224 0 1.71051
3.232 0 1.73493
3.24 0 1.75927
3.248 0 1.78353
3.256 0 1.80771
3.264 0 1.83181
3.272 0 1.85582
3.28 0 1.87975
3.288 0 1.90359
3.296 0 1.92735
3.304 0 1.95102
3.312 0 1.9746
3.32 0 1.99809
3.328 0 2.02149
3.336 0 2.04479
3.344 0 2.068
3.352 0 2.09112
3.36 0 2.11414
3.368 0 2.13706
3.376 0 2.15988
3.384 0 2.1826
3.392 0 2.20522
3.4 0 2.22773
3.408 0 2.25014
3.416 0 2.27245
3.424 0 2.29465
3.432 0 2.31674
3.44 0 2.33872
3.448 0 2.3606
3.456 0 2.38236
3.464 0 2.40401
3.472 0 2.42554
3.48 0 2.44696
3.488 0 2.46826
3.496 0 2.48945
3.504 0 2.51052
3.512 0 2.53146
3.52 0 2.55229
3.528 0 2.57299
3.536 0 2.59357
3.544 0 2.61402
3.552 0 2.63435
3.56 0 2.65455
3.568 0 2.67462
3.576 0 2.69456
3.584 0 2.71438
3.592 0 2.73405
3.6 0 2.7536
3.608 0 2.77301
3.616 0 2.79228
3.624 0 2.81142
3.632 0 2.83041
3.64 0 2.84927
3.648 0 2.86799
3.656 0 2.88656
3.664 0 2.905
3.672 0 2.92328
3.68 0 2.94142
3.688 0 2.95942
3.696 0 2.97726
3.704 0 2.99496
3.712 0 3.0125
3.72 0 3.0299
3.728 0 3.04714
3.736 0 3.06422
3.744 0 3.08115
3.752 0 3.09793
3.76 0 3.11454
3.768 0 3.131
3.776 0 3.14729
3.784 0 3.16342
3.792 0 3.17939
3.8 0 3.1952
3.808 0 3.21084
3.816 0 3.22631
3.824 0 3.24161
3.832 0 3.25675
3.84 0 3.27171
3.848 0 3.28651
3.856 0 3.30113
3.864 0 3.31558
3.872 0 3.32985
3.88 0 3.34394
3.888 0 3.35786
3.896 0 3.3716
3.904 0 3.38515
3.912 0 3.39853
3.92 0 3.41172
3.928 0 3.42473
3.936 0 3.43755
3.944 0 3.45019
3.952 0 3.46264
3.96 0 3.4749
3.968 0 3.48697
3.976 0 3.49885
3.984 0 3.51054
3.992 0 3.52203
4 0 3.53333
4.008 0 3.54443
4.016 0 3.55533
4.024 0 3.56604
4.032 0 3.57655
4.04 0 3.58685
4.048 0 3.59695
4.056 0 3.60685
4.064 0 3.61654
4.072 0 3.62603
4.08 0 3.63531
4.088 0 3.64438
4.096 0 3.65324
4.104 0 3.66189
4.112 0 3.67033
4.12 0 3.67856
4.128 0 3.68657
4.136 0 3.69436
4.144 0 3.70194
4.152 0 3.7093
4.16 0 3.71644
4.168 0 3.72335
4.176 0 3.73005
4.184 0 3.73652
4.192 0 3.74277
4.2 0 3.74879
4.208 0 3.75459
4.216 0 3.76016
4.224 0 3.7655
4.232 0 3.7706
4.24 0 3.77548
4.248 0 3.78012
4.256 0 3.78453
4.264 0 3.7887
4.272 0 3.79264
4.28 0 3.79633
4.288 0 3.79979
4.296 0 3.80301
4.304 0 3.80599
4.312 0 3.80872
4.32 0 3.81121
4.328 0 3.81345
4.336 0 3.81545
4.344 0 3.8172
4.352 0 3.8187
4.36 0 3.81995
4.368 0 3.82094
4.376 0 3.82169
4.384 0 3.82218
4.392 0 3.82242
4.4 0 3.82239
4.408 0 3.82212
4.416 0 3.82158
4.424 0 3.82078
4.432 0 3.81972
4.44 0 3.8184
4.448 0 3.81682
4.456 0 3.81497
4.464 0 3.81285
4.472 0 3.81046
4.48 0 3.80781
4.488 0 3.80489
4.496 0 3.80169
4.504 0 3.79823
4.512 0 3.79449
4.52 0 3.79047
4.528 0 3.78618
4.536 0 3.78161
4.544 0 3.77676
4.552 0 3.77164
4.56 0 3.76623
4.568 0 3.76054
4.576 0 3.75456
4.584 0 3.7483
4.592 0 3.74176
4.6 0 3.73493
4.608 0 3.72781
4.616 0 3.7204
4.624 0 3.71269
4.632 0 3.7047
4.64 0 3.69642
4.648 0 3.68783
4.656 0 3.67896
4.664 0 3.66978
4.672 0 3.66031
4.68 0 3.65054
4.688 0 3.64047
4.696 0 3.63009
4.704 0 3.61942
4.712 0 3.60843
4.72 0 3.59715
4.728 0 3.58555
4.736 0 3.57365
4.744 0 3.56144
4.752 0 3.54892
4.76 0 3.53608
4.768 0 3.52294
4.776 0 3.50947
4.784 0 3.4957
4.792 0 3.4816
4.8 0 3.46719
4.808 0 3.45246
4.816 0 3.43741
4.824 0 3.42204
4.832 0 3.40634
4.84 0 3.39032
4.848 0 3.37398
4.856 0 3.35731
4.864 0 3.34031
4.872 0 3.32298
4.88 0 3.30532
4.888 0 3.28733
4.896 0 3.26901
4.904 0 3.25036
4.912 0 3.23136
4.92 0 3.21204
4.928 0 3.19237
4.936 0 3.17237
4.944 0 3.15202
4.952 0 3.13134
4.96 0 3.11031
4.968 0 3.08894
4.976 0 3.06722
4.984 0 3.04516
4.992 0 3.02275
5 0 2.99999
5.008 0 2.97688
5.016 0 2.95342
5.024 0 2.92961
5.032 0 2.90545
5.04 0 2.88092
5.048 0 2.85605
5.056 0 2.83082
5.064 0 2.80522
5.072 0 2.77927
5.08 0 2.75296
5.088 0 2.72628
5.096 0 2.69925
5.104 0 2.67184
5.112 0 2.64407
5.12 0 2.61594
5.128 0 2.58744
5.136 0 2.55856
5.144 0 2.52932
5.152 0 2.4997
5.16 0 2.46971
5.168 0 2.43935
5.176 0 2.40861
5.184 0 2.37749
5.192 0 2.346
5.2 0 2.31412
5.208 0 2.28187
5.216 0 2.24923
5.224 0 2.21621
5.232 0 2.18281
5.24 0 2.14902
5.248 0 2.11485
5.256 0 2.08028
5.264 0 2.04533
5.272 0 2.00998
5.28 0 1.97425
5.288 0 1.93812
5.296 0 1.9016
5.304 0 1.86468
5.312 0 1.82737
5.32 0 1.78965
5.328 0 1.75154
5.336 0 1.71303
5.344 0 1.67412
5.352 0 1.63481
5.36 0 1.59509
5.368 0 1.55496
5.376 0 1.51443
5.384 0 1.47349
5.392 0 1.43215
5.4 0 1.39039
5.408 0 1.34822
5.416 0 1.30564
5.424 0 1.26264
5.432 0 1.21924
5.44 0 1.17541
5.448 0 1.13116
5.456 0 1.0865
5.464 0 1.04142
5.472 0 0.995917
5.48 0 0.94999
5.488 0 0.903642
5.496 0 0.856867
5.504 0 0.809668
5.512 0 0.762041
5.52 0 0.713982
5.528 0 0.665497
5.536 0 0.616582
5.544 0 0.567234
5.552 0 0.517453
5.56 0 0.467233
5.568 0 0.416581
5.576 0 0.365492
5.584 0 0.313965
5.592 0 0.261994
5.6 0 0.209586
5.608 0 0.156737
5.616 0 0.103444
5.624 0 0.0497046
5.632 0 -0.00448087
5.64 0 -0.0591108
5.648 0 -0.114191
5.656 0 -0.169718
5.664 0 -0.225697
5.672 0 -0.282131
5.68 0 -0.339014
5.688 0 -0.396351
5.696 0 -0.454144
5.704 0 -0.512399
5.712 0 -0.571106
5.72 0 -0.630273
5.728 0 -0.689901
5.736 0 -0.74999
5.744 0 -0.810546
5.752 0 -0.871563
5.76 0 -0.933044
5.768 0 -0.994992
5.776 0 -1.05741
5.784 0 -1.1203
5.792 0 -1.18365
5.8 0 -1.24748
5.808 0 -1.31178
5.816 0 -1.37656
5.824 0 -1.44181
5.832 0 -1.50753
5.84 0 -1.57373
5.848 0 -1.64042
5.856 0 -1.70758
5.864 0 -1.77523
5.872 0 -1.84335
5.88 0 -1.91196
5.888 0 -1.98106
5.896 0 -2.05064
5.904 0 -2.12071
5.912 0 -2.19127
5.92 0 -2.26232
5.928 0 -2.33386
5.936 0 -2.40589
5.944 0 -2.47842
5.952 0 -2.55143
5.96 0 -2.62495
5.968 0 -2.69897
5.976 0 -2.77348
5.984 0 -2.84849
5.992 0 -2.924
6 0 -3.00002
6.008 0 -3.07654
6.016 0 -3.15356
6.024 0 -3.23109
6.032 0 -3.30912
6.04 0 -3.38767
6.048 0 -3.46672
6.056 0 -3.54629
6.064 0 -3.62636
6.072 0 -3.70696
6.08 0 -3.78806
6.088 0 -3.86968
6.096 0 -3.95182
6.104 0 -4.03447
6.112 0 -4.11765
6.12 0 -4.20135
6.128 0 -4.28557
6.136 0 -4.37031
6.144 0 -4.45557
6.152 0 -4.54137
6.16 0 -4.62768
6.168 0 -4.71453
6.176 0 -4.8019
6.184 0 -4.88981
6.192 0 -4.97825
6.2 0 -5.06722
6.208 0 -5.15672
6.216 0 -5.24676
6.224 0 -5.33734
6.232 0 -5.42845
6.24 0 -5.52011
6.248 0 -5.6123
6.256 0 -5.70504
6.264 0 -5.79832
6.272 0 -5.89214
6.28 0 -5.98651
6.288 0 -6.08142
6.296 0 -6.17689
6.304 0 -6.2729
6.312 0 -6.36945
6.32 0 -6.46657
6.328 0 -6.56423
6.336 0 -6.66245
6.344 0 -6.76123
6.352 0 -6.86055
6.36 0 -6.96044
6.368 0 -7.06089
6.376 0 -7.1619
6.384 0 -7.26346
6.392 0 -7.36559
6.4 0 -7.46828
6.408 0 -7.57155
6.416 0 -7.67537
6.424 0 -7.77976
6.432 0 -7.88472
6.44 0 -7.99026
6.448 0 -8.09636
6.456 0 -8.20303
6.464 0 -8.31028
6.472 0 -8.4181
6.48 0 -8.5265
6.488 0 -8.63547
6.496 0 -8.74503
6.504 0 -8.85516
6.512 0 -8.96587
6.52 0 -9.07717
6.528 0 -9.18905
6.536 0 -9.30151
6.544 0 -9.41457
6.552 0 -9.5282
6.56 0 -9.64243
6.568 0 -9.75724
6.576 0 -9.87265
6.584 0 -9.98864
6.592 0 -10.1052
6.6 0 -10.2224
6.608 0 -10.3402
6.616 0 -10.4586
6.624 0 -10.5776
6.632 0 -10.6971
6.64 0 -10.8173
6.648 0 -10.9381
6.656 0 -11.0595
6.664 0 -11.1815
6.672 0 -11.304
6.68 0 -11.4272
6.688 0 -11.551
6.696 0 -11.6755
6.704 0 -11.8005
6.712 0 -11.9261
6.72 0 -12.0524
6.728 0 -12.1792
6.736 0 -12.3067
6.744 0 -12.4348
6.752 0 -12.5635
6.76 0 -12.6928
6.768 0 -12.8228
6.776 0 -12.9534
6.784 0 -13.0846
6.792 0 -13.2164
6.8 0 -13.3488
6.808 0 -13.4819
6.816 0 -13.6156
6.824 0 -13.7499
6.832 0 -13.8849
6.84 0 -14.0205
6.848 0 -14.1567
6.856 0 -14.2935
6.864 0 -14.431
6.872 0 -14.5692
6.88 0 -14.7079
6.888 0 -14.8473
6.896 0 -14.9874
6.904 0 -15.128
6.912 0 -15.2694
6.92 0 -15.4113
6.928 0 -15.554
6.936 0 -15.6972
6.944 0 -15.8411
6.952 0 -15.9857
6.96 0 -16.1309
6.968 0 -16.2767
6.976 0 -16.4232
6.984 0 -16.5704
6.992 0 -16.7182
7 0 -16.8667
7.008 0 -17.0158
7.016 0 -17.1656
7.024 0 -17.3161
7.032 0 -17.4672
7.04 0 -17.6189
7.048 0 -17.7714
7.056 0 -17.9245
7.064 0 -18.0782
7.072 0 -18.2327
7.08 0 -18.3878
7.088 0 -18.5435
7.096 0 -18.7
7.104 0 -18.8571
7.112 0 -19.0149
7.12 0 -19.1733
7.128 0 -19.3324
7.136 0 -19.4922
7.144 0 -19.6527
7.152 0 -19.8139
7.16 0 -19.9757
7.168 0 -20.1383
7.176 0 -20.3015
7.184 0 -20.4654
7.192 0 -20.63
7.2 0 -20.7952
7.208 0 -20.9612
7.216 0 -21.1278
7.224 0 -21.2952
7.232 0 -21.4632
7.24 0 -21.6319
7.248 0 -21.8013
7.256 0 -21.9714
7.264 0 -22.1422
7.272 0 -22.3137
7.28 0 -22.4859
7.288 0 -22.6588
7.296 0 -22.8324
7.304 0 -23.0067
7.312 0 -23.1817
7.32 0 -23.3575
7.328 0 -23.5339
7.336 0 -23.711
7.344 0 -23.8888
7.352 0 -24.0674
7.36 0 -24.2466
7.368 0 -24.4266
7.376 0 -24.6073
7.384 0 -24.7887
7.392 0 -24.9708
7.4 0 -25.1536
7.408 0 -25.3372
7.416 0 -25.5215
7.424 0 -25.7064
7.432 0 -25.8921
7.44 0 -26.0786
7.448 0 -26.2657
7.456 0 -26.4536
7.464 0 -26.6422
7.472 0 -26.8316
7.48 0 -27.0217
7.488 0 -27.2125
7.496 0 -27.404
7.504 0 -27.5963
7.512 0 -27.7893
7.52 0 -27.983
7.528 0 -28.1775
7.536 0 -28.3727
7.544 0 -28.5686
7.552 0 -28.7653
7.56 0 -28.9628
7.568 0 -29.1609
7.576 0 -29.3599
7.584 0 -29.5595
7.592 0 -29.7599
7.6 0 -29.9611
7.608 0 -30.163
7.616 0 -30.3657
7.624 0 -30.5691
7.632 0 -30.7733
7.64 0 -30.9782
7.648 0 -31.1838
7.656 0 -31.3903
7.664 0 -31.5975
7.672 0 -31.8054
7.68 0 -32.0141
7.688 0 -32.2236
7.696 0 -32.4338
7.704 0 -32.6448
7.712 0 -32.8566
7.72 0 -33.0691
7.728 0 -33.2824
7.736 0 -33.4965
7.744 0 -33.7113
7.752 0 -33.9269
7.76 0 -34.1433
7.768 0 -34.3605
7.776 0 -34.5784
7.784 0 -34.7971
7.792 0 -35.0166
7.8 0 -35.2368
7.808 0 -35.4579
7.816 0 -35.6797
7.824 0 -35.9023
7.832 0 -36.1257
7.84 0 -36.3499
7.848 0 -36.5748
7.856 0 -36.8006
7.864 0 -37.0271
7.872 0 -37.2544
7.88 0 -37.4826
7.888 0 -37.7115
7.896 0 -37.9412
7.904 0 -38.1717
7.912 0 -38.4029
7.92 0 -38.635
7.928 0 -38.8679
7.936 0 -39.1016
7.944 0 -39.3361
7.952 0 -39.5714
7.96 0 -39.8075
7.968 0 -40.0444
7.976 0 -40.2821
7.984 0 -40.5206
7.992 0 -40.7599
