1000
0 0 -0.0754013
0.02 0 -0.0366297
0.04 0 0.00194599
0.06 0 0.0403257
0.08 0 0.0785094
0.1 0 0.116497
0.12 0 0.154289
0.14 0 0.191885
0.16 0 0.229284
0.18 0 0.266488
0.2 0 0.303496
0.22 0 0.340308
0.24 0 0.376924
0.26 0 0.413343
0.28 0 0.449567
0.3 0 0.485595
0.32 0 0.521427
0.34 0 0.557063
0.36 0 0.592503
0.38 0 0.627747
0.4 0 0.662795
0.42 0 0.697647
0.44 0 0.732303
0.46 0 0.766763
0.48 0 0.801027
0.5 0 0.835095
0.52 0 0.868968
0.54 0 0.902644
0.56 0 0.936124
0.58 0 0.969408
0.6 0 1.0025
0.62 0 1.03539
0.64 0 1.06808
0.66 0 1.10058
0.68 0 1.13289
0.7 0 1.165
0.72 0 1.19691
0.74 0 1.22863
0.76 0 1.26015
0.78 0 1.29147
0.8 0 1.3226
0.82 0 1.35353
0.84 0 1.38427
0.86 0 1.41481
0.88 0 1.44515
0.9 0 1.4753
0.92 0 1.50525
0.94 0 1.53501
0.96 0 1.56457
0.98 0 1.59394
1 0 1.6231
1.02 0 1.65208
1.04 0 1.68085
1.06 0 1.70943
1.08 0 1.73782
1.1 0 1.76601
1.12 0 1.794
1.14 0 1.8218
1.16 0 1.8494
1.18 0 1.8768
1.2 0 1.90401
1.22 0 1.93102
1.24 0 1.95784
1.26 0 1.98446
1.28 0 2.01089
1.3 0 2.03711
1.32 0 2.06315
1.34 0 2.08898
1.36 0 2.11463
1.38 0 2.14007
1.4 0 2.16532
1.42 0 2.19037
1.44 0 2.21523
1.46 0 2.23989
1.48 0 2.26436
1.5 0 2.28862
1.52 0 2.3127
1.54 0 2.33658
1.56 0 2.36026
1.58 0 2.38374
1.6 0 2.40703
1.62 0 2.43012
1.64 0 2.45302
1.66 0 2.47572
1.68 0 2.49823
1.7 0 2.52054
1.72 0 2.54265
1.74 0 2.56457
1.76 0 2.58629
1.78 0 2.60781
1.8 0 2.62914
1.82 0 2.65028
1.84 0 2.67121
1.86 0 2.69196
1.88 0 2.7125
1.9 0 2.73285
1.92 0 2.753
1.94 0 2.77296
1.96 0 2.79272
1.98 0 2.81229
2 0 2.83166
2.02 0 2.85083
2.04 0 2.86981
2.06 0 2.88859
2.08 0 2.90718
2.1 0 2.92557
2.12 0 2.94376
2.14 0 2.96176
2.16 0 2.97956
2.18 0 2.99716
2.2 0 3.01457
2.22 0 3.03179
2.24 0 3.04881
2.26 0 3.06563
2.28 0 3.08225
2.3 0 3.09868
2.32 0 3.11492
2.34 0 3.13095
2.36 0 3.1468
2.38 0 3.16244
2.4 0 3.17789
2.42 0 3.19315
2.44 0 3.2082
2.46 0 3.22307
2.48 0 3.23773
2.5 0 3.2522
2.52 0 3.26648
2.54 0 3.28055
2.56 0 3.29444
2.58 0 3.30812
2.6 0 3.32161
2.62 0 3.33491
2.64 0 3.348
2.66 0 3.36091
2.68 0 3.37361
2.7 0 3.38612
2.72 0 3.39844
2.74 0 3.41056
2.76 0 3.42248
2.78 0 3.4342
2.8 0 3.44573
2.82 0 3.45707
2.84 0 3.46821
2.86 0 3.47915
2.88 0 3.4899
2.9 0 3.50045
2.92 0 3.5108
2.94 0 3.52096
2.96 0 3.53092
2.98 0 3.54069
3 0 3.55026
3.02 0 3.55963
3.04 0 3.56881
3.06 0 3.57779
3.08 0 3.58658
3.1 0 3.59517
3.12 0 3.60357
3.14 0 3.61176
3.16 0 3.61977
3.18 0 3.62757
3.2 0 3.63518
3.22 0 3.6426
3.24 0 3.64982
3.26 0 3.65684
3.28 0 3.66367
3.3 0 3.6703
3.32 0 3.67673
3.34 0 3.68297
3.36 0 3.68901
3.38 0 3.69486
3.4 0 3.70051
3.42 0 3.70597
3.44 0 3.71123
3.46 0 3.71629
3.48 0 3.72116
3.5 0 3.72583
3.52 0 3.7303
3.54 0 3.73458
3.56 0 3.73866
3.58 0 3.74255
3.6 0 3.74624
3.62 0 3.74974
3.64 0 3.75304
3.66 0 3.75614
3.68 0 3.75905
3.7 0 3.76176
3.72 0 3.76427
3.74 0 3.76659
3.76 0 3.76872
3.78 0 3.77064
3.8 0 3.77237
3.82 0 3.77391
3.84 0 3.77525
3.86 0 3.77639
3.88 0 3.77734
3.9 0 3.77809
3.92 0 3.77865
3.94 0 3.77901
3.96 0 3.77917
3.98 0 3.77914
4 0 3.77891
4.02 0 3.77848
4.04 0 3.77786
4.06 0 3.77705
4.08 0 3.77603
4.1 0 3.77483
4.12 0 3.77342
4.14 0 3.77182
4.16 0 3.77002
4.18 0 3.76803
4.2 0 3.76584
4.22 0 3.76346
4.24 0 3.76088
4.26 0 3.7581
4.28 0 3.75513
4.3 0 3.75196
4.32 0 3.7486
4.34 0 3.74504
4.36 0 3.74128
4.38 0 3.73733
4.4 0 3.73318
4.42 0 3.72884
4.44 0 3.7243
4.46 0 3.71956
4.48 0 3.71463
4.5 0 3.7095
4.52 0 3.70418
4.54 0 3.69866
4.56 0 3.69294
4.58 0 3.68703
4.6 0 3.68092
4.62 0 3.67462
4.64 0 3.66812
4.66 0 3.66142
4.68 0 3.65453
4.7 0 3.64744
4.72 0 3.64016
4.74 0 3.63268
4.76 0 3.625
4.78 0 3.61713
4.8 0 3.60906
4.82 0 3.6008
4.84 0 3.59234
4.86 0 3.58368
4.88 0 3.57483
4.9 0 3.56578
4.92 0 3.55654
4.94 0 3.5471
4.96 0 3.53746
4.98 0 3.52763
5 0 3.5176
5.02 0 3.50738
5.04 0 3.49696
5.06 0 3.48635
5.08 0 3.47553
5.1 0 3.46453
5.12 0 3.45332
5.14 0 3.44192
5.16 0 3.43033
5.18 0 3.41854
5.2 0 3.40655
5.22 0 3.39437
5.24 0 3.38199
5.26 0 3.36941
5.28 0 3.35664
5.3 0 3.34367
5.32 0 3.33051
5.34 0 3.31715
5.36 0 3.3036
5.38 0 3.28984
5.4 0 3.2759
5.42 0 3.26175
5.44 0 3.24741
5.46 0 3.23288
5.48 0 3.21815
5.5 0 3.20322
5.52 0 3.1881
5.54 0 3.17278
5.56 0 3.15726
5.58 0 3.14155
5.6 0 3.12565
5.62 0 3.10954
5.64 0 3.09324
5.66 0 3.07675
5.68 0 3.06006
5.7 0 3.04317
5.72 0 3.02609
5.74 0 3.00881
5.76 0 2.99133
5.78 0 2.97366
5.8 0 2.9558
5.82 0 2.93773
5.84 0 2.91948
5.86 0 2.90102
5.88 0 2.88237
5.9 0 2.86352
5.92 0 2.84448
5.94 0 2.82524
5.96 0 2.80581
5.98 0 2.78618
6 0 2.76635
6.02 0 2.74633
6.04 0 2.72611
6.06 0 2.70569
6.08 0 2.68508
6.1 0 2.66428
6.12 0 2.64327
6.14 0 2.62208
6.16 0 2.60068
6.18 0 2.57909
6.2 0 2.5573
6.22 0 2.53532
6.24 0 2.51314
6.26 0 2.49077
6.28 0 2.4682
6.3 0 2.44543
6.32 0 2.42247
6.34 0 2.39931
6.36 0 2.37596
6.38 0 2.35241
6.4 0 2.32866
6.42 0 2.30472
6.44 0 2.28058
6.46 0 2.25625
6.48 0 2.23172
6.5 0 2.20699
6.52 0 2.18207
6.54 0 2.15695
6.56 0 2.13164
6.58 0 2.10613
6.6 0 2.08042
6.62 0 2.05452
6.64 0 2.02842
6.66 0 2.00213
6.68 0 1.97564
6.7 0 1.94895
6.72 0 1.92207
6.74 0 1.89499
6.76 0 1.86772
6.78 0 1.84025
6.8 0 1.81258
6.82 0 1.78472
6.84 0 1.75666
6.86 0 1.72841
6.88 0 1.69996
6.9 0 1.67131
6.92 0 1.64247
6.94 0 1.61343
6.96 0 1.5842
6.98 0 1.55477
7 0 1.52514
7.02 0 1.49532
7.04 0 1.4653
7.06 0 1.43509
7.08 0 1.40468
7.1 0 1.37408
7.12 0 1.34327
7.14 0 1.31228
7.16 0 1.28108
7.18 0 1.24969
7.2 0 1.21811
7.22 0 1.18633
7.24 0 1.15435
7.26 0 1.12217
7.28 0 1.08981
7.3 0 1.05724
7.32 0 1.02448
7.34 0 0.991521
7.36 0 0.958368
7.38 0 0.925019
7.4 0 0.891473
7.42 0 0.857733
7.44 0 0.823795
7.46 0 0.789662
7.48 0 0.755332
7.5 0 0.720807
7.52 0 0.686086
7.54 0 0.651168
7.56 0 0.616056
7.58 0 0.580747
7.6 0 0.545242
7.62 0 0.50954
7.64 0 0.473643
7.66 0 0.437551
7.68 0 0.401261
7.7 0 0.364776
7.72 0 0.328096
7.74 0 0.291219
7.76 0 0.254145
7.78 0 0.216877
7.8 0 0.179412
7.82 0 0.141752
7.84 0 0.103894
7.86 0 0.0658415
7.88 0 0.027593
7.9 0 -0.0108524
7.92 0 -0.0494929
7.94 0 -0.0883303
7.96 0 -0.127363
7.98 0 -0.166592
8 0 -0.206017
8.02 0 -0.245636
8.04 0 -0.285454
8.06 0 -0.325466
8.08 0 -0.365675
8.1 0 -0.406078
8.12 0 -0.446681
8.14 0 -0.487476
8.16 0 -0.528469
8.18 0 -0.569656
8.2 0 -0.611042
8.22 0 -0.652624
8.24 0 -0.6944
8.26 0 -0.736372
8.28 0 -0.77854
8.3 0 -0.820906
8.32 0 -0.863464
8.34 0 -0.906222
8.36 0 -0.949174
8.38 0 -0.992322
8.4 0 -1.03567
8.42 0 -1.07921
8.44 0 -1.12294
8.46 0 -1.16688
8.48 0 -1.211
8.5 0 -1.25533
8.52 0 -1.29985
8.54 0 -1.34456
8.56 0 -1.38948
8.58 0 -1.43459
8.6 0 -1.47989
8.62 0 -1.52539
8.64 0 -1.57108
8.66 0 -1.61698
8.68 0 -1.66306
8.7 0 -1.70935
8.72 0 -1.75583
8.74 0 -1.80251
8.76 0 -1.84938
8.78 0 -1.89644
8.8 0 -1.94371
8.82 0 -1.99117
8.84 0 -2.03883
8.86 0 -2.08668
8.88 0 -2.13473
8.9 0 -2.18297
8.92 0 -2.23141
8.94 0 -2.28004
8.96 0 -2.32888
8.98 0 -2.3779
9 0 -2.42713
9.02 0 -2.47655
9.04 0 -2.52616
9.06 0 -2.57597
9.08 0 -2.62598
9.1 0 -2.67618
9.12 0 -2.72659
9.14 0 -2.77718
9.16 0 -2.82797
9.18 0 -2.87896
9.2 0 -2.93014
9.22 0 -2.98152
9.24 0 -3.0331
9.26 0 -3.08487
9.28 0 -3.13684
9.3 0 -3.189
9.32 0 -3.24136
9.34 0 -3.29392
9.36 0 -3.34667
9.38 0 -3.39962
9.4 0 -3.45276
9.42 0 -3.5061
9.44 0 -3.55963
9.46 0 -3.61337
9.48 0 -3.66729
9.5 0 -3.72142
9.52 0 -3.77573
9.54 0 -3.83025
9.56 0 -3.88496
9.58 0 -3.93987
9.6 0 -3.99497
9.62 0 -4.05027
9.64 0 -4.10576
9.66 0 -4.16146
9.68 0 -4.21734
9.7 0 -4.27343
9.72 0 -4.3297
9.74 0 -4.38618
9.76 0 -4.44285
9.78 0 -4.49972
9.8 0 -4.55678
9.82 0 -4.61404
9.84 0 -4.6715
9.86 0 -4.72915
9.88 0 -4.78699
9.9 0 -4.84504
9.92 0 -4.90328
9.94 0 -4.96171
9.96 0 -5.02034
9.98 0 -5.07917
10 0 -5.13819
10.02 0 -5.19741
10.04 0 -5.25682
10.06 0 -5.31643
10.08 0 -5.37624
10.1 0 -5.43624
10.12 0 -5.49644
10.14 0 -5.55684
10.16 0 -5.61743
10.18 0 -5.67821
10.2 0 -5.7392
10.22 0 -5.80037
10.24 0 -5.86175
10.26 0 -5.92332
10.28 0 -5.98509
10.3 0 -6.04705
10.32 0 -6.10921
10.34 0 -6.17156
10.36 0 -6.23411
10.38 0 -6.29686
10.4 0 -6.3598
10.42 0 -6.42294
10.44 0 -6.48627
10.46 0 -6.54981
10.48 0 -6.61353
10.5 0 -6.67745
10.52 0 -6.74157
10.54 0 -6.80589
10.56 0 -6.8704
10.58 0 -6.9351
10.6 0 -7
10.62 0 -7.0651
10.64 0 -7.1304
10.66 0 -7.19589
10.68 0 -7.26157
10.7 0 -7.32746
10.72 0 -7.39353
10.74 0 -7.45981
10.76 0 -7.52628
10.78 0 -7.59294
10.8 0 -7.65981
10.82 0 -7.72686
10.84 0 -7.79412
10.86 0 -7.86157
10.88 0 -7.92922
10.9 0 -7.99706
10.92 0 -8.06509
10.94 0 -8.13333
10.96 0 -8.20176
10.98 0 -8.27038
11 0 -8.33921
11.02 0 -8.40822
11.04 0 -8.47744
11.06 0 -8.54685
11.08 0 -8.61645
11.1 0 -8.68625
11.12 0 -8.75625
11.14 0 -8.82644
11.16 0 -8.89684
11.18 0 -8.96742
11.2 0 -9.0382
11.22 0 -9.10918
11.24 0 -9.18036
11.26 0 -9.25172
11.28 0 -9.32329
11.3 0 -9.39505
11.32 0 -9.46701
11.34 0 -9.53916
11.36 0 -9.61151
11.38 0 -9.68406
11.4 0 -9.7568
11.42 0 -9.82974
11.44 0 -9.90287
11.46 0 -9.9762
11.48 0 -10.0497
11.5 0 -10.1234
11.52 0 -10.1974
11.54 0 -10.2715
11.56 0 -10.3458
11.58 0 -10.4203
11.6 0 -10.495
11.62 0 -10.5699
11.64 0 -10.645
11.66 0 -10.7203
11.68 0 -10.7958
11.7 0 -10.8714
11.72 0 -10.9473
11.74 0 -11.0234
11.76 0 -11.0997
11.78 0 -11.1761
11.8 0 -11.2528
11.82 0 -11.3296
11.84 0 -11.4067
11.86 0 -11.4839
11.88 0 -11.5614
11.9 0 -11.639
11.92 0 -11.7169
11.94 0 -11.7949
11.96 0 -11.8731
11.98 0 -11.9516
12 0 -12.0302
12.02 0 -12.109
12.04 0 -12.188
12.06 0 -12.2672
12.08 0 -12.3466
12.1 0 -12.4262
12.12 0 -12.506
12.14 0 -12.586
12.16 0 -12.6662
12.18 0 -12.7466
12.2 0 -12.8272
12.22 0 -12.9079
12.24 0 -12.9889
12.26 0 -13.0701
12.28 0 -13.1514
12.3 0 -13.233
12.32 0 -13.3148
12.34 0 -13.3967
12.36 0 -13.4789
12.38 0 -13.5612
12.4 0 -13.6437
12.42 0 -13.7265
12.44 0 -13.8094
12.46 0 -13.8925
12.48 0 -13.9759
12.5 0 -14.0594
12.52 0 -14.1431
12.54 0 -14.227
12.56 0 -14.3111
12.58 0 -14.3954
12.6 0 -14.4799
12.62 0 -14.5646
12.64 0 -14.6495
12.66 0 -14.7346
12.68 0 -14.8199
12.7 0 -14.9054
12.72 0 -14.991
12.74 0 -15.0769
12.76 0 -15.163
12.78 0 -15.2493
12.8 0 -15.3357
12.82 0 -15.4224
12.84 0 -15.5092
12.86 0 -15.5963
12.88 0 -15.6835
12.9 0 -15.771
12.92 0 -15.8586
12.94 0 -15.9464
12.96 0 -16.0345
12.98 0 -16.1227
13 0 -16.2111
13.02 0 -16.2997
13.04 0 -16.3885
13.06 0 -16.4775
13.08 0 -16.5667
13.1 0 -16.6561
13.12 0 -16.7457
13.14 0 -16.8355
13.16 0 -16.9255
13.18 0 -17.0157
13.2 0 -17.1061
13.22 0 -17.1966
13.24 0 -17.2874
13.26 0 -17.3784
13.28 0 -17.4695
13.3 0 -17.5609
13.32 0 -17.6525
13.34 0 -17.7442
13.36 0 -17.8362
13.38 0 -17.9283
13.4 0 -18.0206
13.42 0 -18.1132
13.44 0 -18.2059
13.46 0 -18.2988
13.48 0 -18.392
13.5 0 -18.4853
13.52 0 -18.5788
13.54 0 -18.6725
13.56 0 -18.7664
13.58 0 -18.8605
13.6 0 -18.9548
13.62 0 -19.0493
13.64 0 -19.144
13.66 0 -19.2389
13.68 0 -19.334
13.7 0 -19.4293
13.72 0 -19.5247
13.74 0 -19.6204
13.76 0 -19.7163
13.78 0 -19.8123
13.8 0 -19.9086
13.82 0 -20.005
13.84 0 -20.1017
13.86 0 -20.1985
13.88 0 -20.2956
13.9 0 -20.3928
13.92 0 -20.4903
13.94 0 -20.5879
13.96 0 -20.6857
13.98 0 -20.7837
14 0 -20.882
14.02 0 -20.9804
14.04 0 -21.079
14.06 0 -21.1778
14.08 0 -21.2768
14.1 0 -21.376
14.12 0 -21.4754
14.14 0 -21.575
14.16 0 -21.6748
14.18 0 -21.7748
14.2 0 -21.8749
14.22 0 -21.9753
14.24 0 -22.0759
14.26 0 -22.1766
14.28 0 -22.2776
14.3 0 -22.3788
14.32 0 -22.4801
14.34 0 -22.5817
14.36 0 -22.6834
14.38 0 -22.7854
14.4 0 -22.8875
14.42 0 -22.9898
14.44 0 -23.0924
14.46 0 -23.1951
14.48 0 -23.298
14.5 0 -23.4011
14.52 0 -23.5044
14.54 0 -23.608
14.56 0 -23.7117
14.58 0 -23.8156
14.6 0 -23.9197
14.62 0 -24.024
14.64 0 -24.1284
14.66 0 -24.2331
14.68 0 -24.338
14.7 0 -24.4431
14.72 0 -24.5484
14.74 0 -24.6538
14.76 0 -24.7595
14.78 0 -24.8654
14.8 0 -24.9714
14.82 0 -25.0777
14.84 0 -25.1841
14.86 0 -25.2908
14.88 0 -25.3976
14.9 0 -25.5047
14.92 0 -25.6119
14.94 0 -25.7193
14.96 0 -25.827
14.98 0 -25.9348
15 0 -26.0428
15.02 0 -26.151
15.04 0 -26.2594
15.06 0 -26.368
15.08 0 -26.4768
15.1 0 -26.5858
15.12 0 -26.695
15.14 0 -26.8044
15.16 0 -26.914
15.18 0 -27.0238
15.2 0 -27.1337
15.22 0 -27.2439
15.24 0 -27.3543
15.26 0 -27.4649
15.28 0 -27.5756
15.3 0 -27.6866
15.32 0 -27.7977
15.34 0 -27.9091
15.36 0 -28.0206
15.38 0 -28.1324
15.4 0 -28.2443
15.42 0 -28.3564
15.44 0 -28.4688
15.46 0 -28.5813
15.48 0 -28.694
15.5 0 -28.8069
15.52 0 -28.92
15.54 0 -29.0334
15.56 0 -29.1469
15.58 0 -29.2606
15.6 0 -29.3745
15.62 0 -29.4886
15.64 0 -29.6028
15.66 0 -29.7173
15.68 0 -29.832
15.7 0 -29.9469
15.72 0 -30.062
15.74 0 -30.1772
15.76 0 -30.2927
15.78 0 -30.4084
15.8 0 -30.5242
15.82 0 -30.6403
15.84 0 -30.7565
15.86 0 -30.873
15.88 0 -30.9896
15.9 0 -31.1064
15.92 0 -31.2235
15.94 0 -31.3407
15.96 0 -31.4581
15.98 0 -31.5757
16 0 -31.6936
16.02 0 -31.8116
16.04 0 -31.9298
16.06 0 -32.0482
16.08 0 -32.1668
16.1 0 -32.2856
16.12 0 -32.4046
16.14 0 -32.5238
16.16 0 -32.6432
16.18 0 -32.7627
16.2 0 -32.8825
16.22 0 -33.0025
16.24 0 -33.1227
16.26 0 -33.243
16.28 0 -33.3636
16.3 0 -33.4843
16.32 0 -33.6053
16.34 0 -33.7264
16.36 0 -33.8478
16.38 0 -33.9693
16.4 0 -34.0911
16.42 0 -34.213
16.44 0 -34.3351
16.46 0 -34.4574
16.48 0 -34.58
16.5 0 -34.7027
16.52 0 -34.8256
16.54 0 -34.9487
16.56 0 -35.072
16.58 0 -35.1955
16.6 0 -35.3192
16.62 0 -35.4431
16.64 0 -35.5672
16.66 0 -35.6915
16.68 0 -35.816
16.7 0 -35.9406
16.72 0 -36.0655
16.74 0 -36.1906
16.76 0 -36.3158
16.78 0 -36.4413
16.8 0 -36.5669
16.82 0 -36.6928
16.84 0 -36.8189
16.86 0 -36.9451
16.88 0 -37.0715
16.9 0 -37.1982
16.92 0 -37.325
16.94 0 -37.452
16.96 0 -37.5793
16.98 0 -37.7067
17 0 -37.8343
17.02 0 -37.9621
17.04 0 -38.0901
17.06 0 -38.2183
17.08 0 -38.3467
17.1 0 -38.4753
17.12 0 -38.6041
17.14 0 -38.7331
17.16 0 -38.8623
17.18 0 -38.9917
17.2 0 -39.1212
17.22 0 -39.251
17.24 0 -39.381
17.26 0 -39.5111
17.28 0 -39.6415
17.3 0 -39.772
17.32 0 -39.9028
17.34 0 -40.0338
17.36 0 -40.1649
17.38 0 -40.2962
17.4 0 -40.4278
17.42 0 -40.5595
17.44 0 -40.6914
17.46 0 -40.8235
17.48 0 -40.9559
17.5 0 -41.0884
17.52 0 -41.2211
17.54 0 -41.354
17.56 0 -41.4871
17.58 0 -41.6204
17.6 0 -41.7539
17.62 0 -41.8876
17.64 0 -42.0215
17.66 0 -42.1556
17.68 0 -42.2899
17.7 0 -42.4243
17.72 0 -42.559
17.74 0 -42.6939
17.76 0 -42.8289
17.78 0 -42.9642
17.8 0 -43.0996
17.82 0 -43.2353
17.84 0 -43.3711
17.86 0 -43.5072
17.88 0 -43.6434
17.9 0 -43.7799
17.92 0 -43.9165
17.94 0 -44.0533
17.96 0 -44.1903
17.98 0 -44.3276
18 0 -44.465
18.02 0 -44.6026
18.04 0 -44.7404
18.06 0 -44.8784
18.08 0 -45.0166
18.1 0 -45.155
18.12 0 -45.2936
18.14 0 -45.4324
18.16 0 -45.5714
18.18 0 -45.7105
18.2 0 -45.8499
18.22 0 -45.9895
18.24 0 -46.1292
18.26 0 -46.2692
18.28 0 -46.4094
18.3 0 -46.5497
18.32 0 -46.6903
18.34 0 -46.831
18.36 0 -46.972
18.38 0 -47.1131
18.4 0 -47.2544
18.42 0 -47.396
18.44 0 -47.5377
18.46 0 -47.6796
18.48 0 -47.8217
18.5 0 -47.964
18.52 0 -48.1066
18.54 0 -48.2493
18.56 0 -48.3922
18.58 0 -48.5353
18.6 0 -48.6786
18.62 0 -48.822
18.64 0 -48.9657
18.66 0 -49.1096
18.68 0 -49.2537
18.7 0 -49.398
18.72 0 -49.5424
18.74 0 -49.6871
18.76 0 -49.832
18.78 0 -49.977
18.8 0 -50.1223
18.82 0 -50.2677
18.84 0 -50.4134
18.86 0 -50.5592
18.88 0 -50.7053
18.9 0 -50.8515
18.92 0 -50.9979
18.94 0 -51.1445
18.96 0 -51.2914
18.98 0 -51.4384
19 0 -51.5856
19.02 0 -51.733
19.04 0 -51.8806
19.06 0 -52.0284
19.08 0 -52.1764
19.1 0 -52.3246
19.12 0 -52.473
19.14 0 -52.6216
19.16 0 -52.7704
19.18 0 -52.9194
19.2 0 -53.0685
19.22 0 -53.2179
19.24 0 -53.3675
19.26 0 -53.5172
19.28 0 -53.6672
19.3 0 -53.8173
19.32 0 -53.9677
19.34 0 -54.1182
19.36 0 -54.269
19.38 0 -54.4199
19.4 0 -54.571
19.42 0 -54.7224
19.44 0 -54.8739
19.46 0 -55.0256
19.48 0 -55.1775
19.5 0 -55.3297
19.52 0 -55.482
19.54 0 -55.6345
19.56 0 -55.7872
19.58 0 -55.9401
19.6 0 -56.0932
19.62 0 -56.2464
19.64 0 -56.3999
19.66 0 -56.5536
19.68 0 -56.7075
19.7 0 -56.8616
19.72 0 -57.0158
19.74 0 -57.1703
19.76 0 -57.325
19.78 0 -57.4798
19.8 0 -57.6349
19.82 0 -57.7901
19.84 0 -57.9456
19.86 0 -58.1012
19.88 0 -58.257
19.9 0 -58.4131
19.92 0 -58.5693
19.94 0 -58.7257
19.96 0 -58.8824
19.98 0 -59.0392
